ID:2818
mssing hours: [(3, 11, 23), (7, 20, 10), (12, 31, 23)]

ID:3039
mssing hours: [(3, 11, 23), (12, 31, 23)]

ID:3456
mssing hours: [(3, 11, 23), (7, 20, 11), (7, 21, 11), (12, 31, 23)]

ID:3538
mssing hours: [(3, 11, 23), (12, 31, 23)]

ID:4031
mssing hours: [(3, 11, 23), (12, 31, 23)]

ID:6139
mssing hours: [(3, 11, 23), (12, 31, 23)]

ID:7536
mssing hours: [(3, 11, 23), (7, 20, 11), (12, 31, 23)]

ID:7951
mssing hours: [(3, 11, 23), (12, 31, 23)]

ID:8156
mssing hours: [(3, 11, 23), (7, 20, 11), (12, 31, 23)]

ID:8386
mssing hours: [(3, 11, 23), (12, 31, 23)]

ID:8565
mssing hours: [(3, 11, 23), (12, 31, 23)]

ID:7800
mssing hours: [(2, 17, 20), (3, 11, 23), (12, 31, 23)]

ID:9278
mssing hours: [(3, 11, 23), (12, 31, 23)]

